47
(1292,151)->(1158,130)
(1158,130)->(1074,154)
(1074,154)->(971,142)
(971,142)->(869,164)
(869,164)->(765,179)
(765,179)->(702,156)
(702,156)->(669,167)
(669,167)->(707,180)
(707,180)->(776,218)
(776,218)->(868,194)
(868,194)->(1031,209)
(1031,209)->(1181,244)
(1181,244)->(1291,323)
(0,150)->(173,158)
(173,158)->(246,133)
(246,133)->(403,190)
(403,190)->(471,258)
(471,258)->(590,242)
(590,242)->(692,279)
(692,279)->(770,322)
(770,322)->(812,308)
(812,308)->(754,355)
(754,355)->(668,329)
(668,329)->(552,310)
(552,310)->(430,331)
(430,331)->(310,271)
(310,271)->(169,271)
(169,271)->(45,300)
(45,300)->(0,313)
(387,452)->(480,465)
(480,465)->(562,537)
(562,537)->(682,593)
(682,593)->(713,636)
(713,636)->(826,644)
(826,644)->(924,563)
(924,563)->(962,483)
(962,483)->(1052,443)
(1052,443)->(1099,441)
(1099,441)->(1057,465)
(1057,465)->(993,529)
(993,529)->(947,634)
(947,634)->(870,689)
(870,689)->(734,703)
(734,703)->(617,649)
(617,649)->(562,590)
(562,590)->(441,519)
(441,519)->(387,452)
